
#
       1.0001354     2.7718879e-11     3.0911746e-14         0.0000000
       1.0003155     2.7819583e-11     3.0906980e-14         0.0000000
       1.0004956     2.7988622e-11     3.1097985e-14         0.0000000
       1.0006756     2.8173022e-11     3.1298164e-14         0.0000000
       1.0008556     2.8202083e-11     3.1273375e-14         0.0000000
       1.0010357     2.8031162e-11     3.0949092e-14         0.0000000
       1.0012157     2.7898417e-11     3.0631055e-14         0.0000000
       1.0013957     2.8071525e-11     3.0806790e-14         0.0000000
       1.0015757     2.8501243e-11     3.1438979e-14         0.0000000
       1.0017558     2.8887855e-11     3.1974778e-14         0.0000000
       1.0019358     2.9028536e-11     3.2373715e-14         0.0000000
       1.0021158     2.8985336e-11     3.2601915e-14         0.0000000
       1.0022959     2.8984021e-11     3.2490897e-14         0.0000000
       1.0024759     2.9168540e-11     3.2592718e-14         0.0000000
       1.0026559     2.9398640e-11     3.2763456e-14         0.0000000
       1.0028359     2.9373973e-11     3.2683432e-14         0.0000000
       1.0030159     2.9030050e-11     3.2321908e-14         0.0000000
       1.0031959     2.8549352e-11     3.1950839e-14         0.0000000
       1.0033759     2.8027780e-11     3.1588583e-14         0.0000000
       1.0035559     2.7496313e-11     3.1213859e-14         0.0000000
       1.0037359     2.7140342e-11     3.1038066e-14         0.0000000
       1.0039159     2.7226226e-11     3.1301531e-14         0.0000000
       1.0040959     2.7805734e-11     3.2026449e-14         0.0000000
       1.0042759     2.8579198e-11     3.3051804e-14         0.0000000
       1.0044559     2.9076682e-11     3.3968864e-14         0.0000000
       1.0046358     2.9025741e-11     3.4337238e-14         0.0000000
       1.0048158     2.8593050e-11     3.4088509e-14         0.0000000
       1.0049958     2.8225914e-11     3.3765389e-14         0.0000000
       1.0051758     2.8203054e-11     3.3812555e-14         0.0000000
       1.0053557     2.8353618e-11     3.3931933e-14         0.0000000
       1.0055357     2.8251367e-11     3.3697031e-14         0.0000000
       1.0057157     2.7702357e-11     3.2709841e-14         0.0000000
       1.0058956     2.7007785e-11     3.1562101e-14         0.0000000
       1.0060756     2.6658982e-11     3.1190711e-14         0.0000000
       1.0062556     2.6799985e-11     3.1231755e-14         0.0000000
       1.0064355     2.7152364e-11     3.1029748e-14         0.0000000
       1.0066155     2.7465250e-11     3.0832992e-14         0.0000000
       1.0067954     2.7784680e-11     3.0928211e-14         0.0000000
       1.0069754     2.8194930e-11     3.1168220e-14         0.0000000
       1.0071553     2.8613389e-11     3.1396578e-14         0.0000000
       1.0073353     2.8922222e-11     3.1531924e-14         0.0000000
       1.0075152     2.9029644e-11     3.1572618e-14         0.0000000
       1.0076952     2.8879510e-11     3.1274109e-14         0.0000000
       1.0078751     2.8546972e-11     3.0734903e-14         0.0000000
       1.0080551     2.8215331e-11     3.0323725e-14         0.0000000
       1.0082350     2.8011355e-11     3.0206237e-14         0.0000000
       1.0084149     2.7912674e-11     3.0147928e-14         0.0000000
       1.0085949     2.7886259e-11     3.0080818e-14         0.0000000
       1.0087748     2.8004870e-11     3.0026025e-14         0.0000000
       1.0089546     2.8303036e-11     3.0245163e-14         0.0000000
       1.0091347     2.8632062e-11     3.0655325e-14         0.0000000
       1.0093145     2.8847380e-11     3.0753070e-14         0.0000000
       1.0094944     2.9029497e-11     3.0604125e-14         0.0000000
       1.0096743     2.9344505e-11     3.0783492e-14         0.0000000
       1.0098542     2.9764010e-11     3.1367607e-14         0.0000000
       1.0100341     3.0030195e-11     3.1750145e-14         0.0000000
       1.0102141     2.9929790e-11     3.1697898e-14         0.0000000
       1.0103940     2.9539398e-11     3.0987204e-14         0.0000000
       1.0105739     2.9187323e-11     3.0531354e-14         0.0000000
       1.0107538     2.9138682e-11     3.0693486e-14         0.0000000
       1.0109336     2.9351589e-11     3.1343245e-14         0.0000000
       1.0111135     2.9498901e-11     3.2016373e-14         0.0000000
       1.0112934     2.9318462e-11     3.1737925e-14         0.0000000
       1.0114733     2.8967978e-11     3.0981425e-14         0.0000000
       1.0116532     2.8815578e-11     3.0627274e-14         0.0000000
       1.0118331     2.8949876e-11     3.0719986e-14         0.0000000
       1.0120130     2.9118481e-11     3.0812168e-14         0.0000000
       1.0121928     2.9147224e-11     3.0740595e-14         0.0000000
       1.0123726     2.9155062e-11     3.0818271e-14         0.0000000
       1.0125525     2.9277531e-11     3.1255322e-14         0.0000000
       1.0127324     2.9452887e-11     3.1629945e-14         0.0000000
       1.0129123     2.9574817e-11     3.1501222e-14         0.0000000
       1.0130922     2.9646439e-11     3.1259062e-14         0.0000000
       1.0132719     2.9683582e-11     3.1134609e-14         0.0000000
       1.0134518     2.9618779e-11     3.1142098e-14         0.0000000
       1.0136317     2.9420613e-11     3.0876254e-14         0.0000000
       1.0138116     2.9230493e-11     3.0510637e-14         0.0000000
       1.0139914     2.9156835e-11     3.0467620e-14         0.0000000
       1.0141712     2.9037132e-11     3.0422971e-14         0.0000000
       1.0143510     2.8701762e-11     3.0098640e-14         0.0000000
       1.0145309     2.8293906e-11     2.9702441e-14         0.0000000
       1.0147108     2.8143272e-11     2.9785271e-14         0.0000000
       1.0148906     2.8396399e-11     3.0122151e-14         0.0000000
       1.0150704     2.8826267e-11     3.0342575e-14         0.0000000
       1.0152502     2.9047610e-11     3.0503284e-14         0.0000000
       1.0154301     2.8903769e-11     3.0359291e-14         0.0000000
       1.0156099     2.8648845e-11     2.9948470e-14         0.0000000
       1.0157897     2.8694472e-11     3.0003074e-14         0.0000000
       1.0159695     2.9119185e-11     3.0645267e-14         0.0000000
       1.0161494     2.9569145e-11     3.1343250e-14         0.0000000
       1.0163292     2.9696085e-11     3.1374111e-14         0.0000000
       1.0165089     2.9503759e-11     3.0890424e-14         0.0000000
       1.0166888     2.9204274e-11     3.0414783e-14         0.0000000
       1.0168686     2.8953736e-11     3.0143791e-14         0.0000000
       1.0170484     2.8773296e-11     3.0101410e-14         0.0000000
       1.0172282     2.8659748e-11     3.0180523e-14         0.0000000
       1.0174080     2.8706722e-11     3.0182574e-14         0.0000000
       1.0175878     2.9004331e-11     3.0273866e-14         0.0000000
       1.0177675     2.9453508e-11     3.0759210e-14         0.0000000
       1.0179474     2.9791746e-11     3.1011129e-14         0.0000000
       1.0181272     2.9866520e-11     3.0920310e-14         0.0000000
       1.0183070     2.9780332e-11     3.0714299e-14         0.0000000
       1.0184867     2.9703016e-11     3.0652999e-14         0.0000000
       1.0186665     2.9662717e-11     3.0942046e-14         0.0000000
       1.0188463     2.9577248e-11     3.1270961e-14         0.0000000
       1.0190260     2.9413506e-11     3.1149623e-14         0.0000000
       1.0192058     2.9187642e-11     3.0911973e-14         0.0000000
       1.0193856     2.8865363e-11     3.0569685e-14         0.0000000
       1.0195653     2.8496737e-11     2.9880385e-14         0.0000000
       1.0197451     2.8345373e-11     2.9496514e-14         0.0000000
       1.0199249     2.8613656e-11     2.9900387e-14         0.0000000
       1.0201046     2.9105054e-11     3.0558656e-14         0.0000000
       1.0202844     2.9418938e-11     3.0641681e-14         0.0000000
       1.0204642     2.9436720e-11     3.0649558e-14         0.0000000
       1.0206439     2.9369851e-11     3.0806305e-14         0.0000000
       1.0208237     2.9435996e-11     3.0789110e-14         0.0000000
       1.0210035     2.9614819e-11     3.0832834e-14         0.0000000
       1.0211833     2.9697942e-11     3.0735568e-14         0.0000000
       1.0213629     2.9560705e-11     3.0610918e-14         0.0000000
       1.0215427     2.9244678e-11     3.0496310e-14         0.0000000
       1.0217224     2.8892125e-11     3.0206264e-14         0.0000000
       1.0219022     2.8726495e-11     2.9832373e-14         0.0000000
       1.0220819     2.8908230e-11     2.9927720e-14         0.0000000
       1.0222616     2.9334056e-11     3.0616293e-14         0.0000000
       1.0224414     2.9696160e-11     3.1102407e-14         0.0000000
       1.0226210     2.9789684e-11     3.0951079e-14         0.0000000
       1.0228008     2.9714100e-11     3.0705575e-14         0.0000000
       1.0229806     2.9708530e-11     3.0683202e-14         0.0000000
       1.0231602     2.9796751e-11     3.1088476e-14         0.0000000
       1.0233400     2.9772576e-11     3.1205577e-14         0.0000000
       1.0235198     2.9634733e-11     3.0693161e-14         0.0000000
       1.0236994     2.9657960e-11     3.0546754e-14         0.0000000
       1.0238792     2.9927885e-11     3.1098697e-14         0.0000000
       1.0240588     3.0225658e-11     3.1668077e-14         0.0000000
       1.0242386     3.0342386e-11     3.1794636e-14         0.0000000
       1.0244182     3.0282891e-11     3.1413446e-14         0.0000000
       1.0245979     3.0193289e-11     3.1271708e-14         0.0000000
       1.0247777     3.0143604e-11     3.1477375e-14         0.0000000
       1.0249573     3.0073420e-11     3.1477984e-14         0.0000000
       1.0251371     2.9974261e-11     3.1479168e-14         0.0000000
       1.0253167     2.9941709e-11     3.1301042e-14         0.0000000
       1.0254964     3.0001350e-11     3.1055850e-14         0.0000000
       1.0256761     3.0043154e-11     3.1026772e-14         0.0000000
       1.0258558     2.9941301e-11     3.0840689e-14         0.0000000
       1.0260354     2.9717139e-11     3.0390677e-14         0.0000000
       1.0262152     2.9520691e-11     3.0068032e-14         0.0000000
       1.0263948     2.9419878e-11     3.0098547e-14         0.0000000
       1.0265745     2.9346106e-11     3.0163761e-14         0.0000000
       1.0267541     2.9276742e-11     2.9978815e-14         0.0000000
       1.0269338     2.9317273e-11     2.9949569e-14         0.0000000
       1.0271136     2.9487679e-11     3.0347639e-14         0.0000000
       1.0272932     2.9663973e-11     3.0838393e-14         0.0000000
       1.0274729     2.9813852e-11     3.1291323e-14         0.0000000
       1.0276525     3.0002152e-11     3.1460439e-14         0.0000000
       1.0278322     3.0191522e-11     3.1428988e-14         0.0000000
       1.0280118     3.0285386e-11     3.1259991e-14         0.0000000
       1.0281914     3.0282340e-11     3.1133949e-14         0.0000000
       1.0283711     3.0250414e-11     3.1149544e-14         0.0000000
       1.0285507     3.0206450e-11     3.0929010e-14         0.0000000
       1.0287304     3.0066869e-11     3.0743375e-14         0.0000000
       1.0289100     2.9768844e-11     3.0572902e-14         0.0000000
       1.0290897     2.9435978e-11     3.0192444e-14         0.0000000
       1.0292693     2.9330583e-11     3.0042615e-14         0.0000000
       1.0294490     2.9549003e-11     3.0344158e-14         0.0000000
       1.0296286     2.9849679e-11     3.0746150e-14         0.0000000
       1.0298083     2.9965650e-11     3.0766856e-14         0.0000000
       1.0299878     2.9926341e-11     3.0655781e-14         0.0000000
       1.0301675     2.9895810e-11     3.0744585e-14         0.0000000
       1.0303471     2.9923014e-11     3.0940688e-14         0.0000000
       1.0305268     2.9953906e-11     3.1171947e-14         0.0000000
       1.0307064     2.9957971e-11     3.0920042e-14         0.0000000
       1.0308859     3.0000075e-11     3.0701498e-14         0.0000000
       1.0310656     3.0135944e-11     3.0849472e-14         0.0000000
       1.0312452     3.0321097e-11     3.0819040e-14         0.0000000
       1.0314248     3.0469419e-11     3.0832549e-14         0.0000000
       1.0316044     3.0511732e-11     3.1001434e-14         0.0000000
       1.0317841     3.0463970e-11     3.0953931e-14         0.0000000
       1.0319636     3.0416799e-11     3.0851173e-14         0.0000000
       1.0321432     3.0379426e-11     3.0772086e-14         0.0000000
       1.0323229     3.0205782e-11     3.0617088e-14         0.0000000
       1.0325024     2.9675181e-11     3.0206657e-14         0.0000000
       1.0326821     2.8716093e-11     2.9442956e-14         0.0000000
       1.0328616     2.7655694e-11     2.8509288e-14         0.0000000
       1.0330412     2.7069529e-11     2.8170893e-14         0.0000000
       1.0332208     2.7248718e-11     2.8563620e-14         0.0000000
       1.0334004     2.7990188e-11     2.9081764e-14         0.0000000
       1.0335799     2.8839721e-11     2.9511191e-14         0.0000000
       1.0337596     2.9402191e-11     2.9827685e-14         0.0000000
       1.0339391     2.9486067e-11     2.9868759e-14         0.0000000
       1.0341187     2.9145831e-11     2.9601304e-14         0.0000000
       1.0342983     2.8652058e-11     2.9261413e-14         0.0000000
       1.0344778     2.8343323e-11     2.9122160e-14         0.0000000
       1.0346575     2.8412639e-11     2.9395984e-14         0.0000000
       1.0348370     2.8820092e-11     2.9921527e-14         0.0000000
       1.0350165     2.9408776e-11     3.0166486e-14         0.0000000
       1.0351961     2.9967576e-11     3.0313442e-14         0.0000000
       1.0353757     3.0293906e-11     3.0539638e-14         0.0000000
       1.0355552     3.0353879e-11     3.0812702e-14         0.0000000
       1.0357348     3.0302868e-11     3.1091247e-14         0.0000000
       1.0359143     3.0306628e-11     3.1164087e-14         0.0000000
       1.0360940     3.0393804e-11     3.1014221e-14         0.0000000
       1.0362735     3.0471386e-11     3.0949475e-14         0.0000000
       1.0364530     3.0463153e-11     3.0809033e-14         0.0000000
       1.0366325     3.0395506e-11     3.0648910e-14         0.0000000
       1.0368121     3.0290005e-11     3.0535350e-14         0.0000000
       1.0369916     3.0085028e-11     3.0461766e-14         0.0000000
       1.0371711     2.9807292e-11     3.0444771e-14         0.0000000
       1.0373507     2.9650273e-11     3.0347931e-14         0.0000000
       1.0375302     2.9699932e-11     3.0536414e-14         0.0000000
       1.0377097     2.9735153e-11     3.0969571e-14         0.0000000
       1.0378892     2.9529489e-11     3.0612365e-14         0.0000000
       1.0380688     2.9277362e-11     2.9939937e-14         0.0000000
       1.0382483     2.9361687e-11     3.0214643e-14         0.0000000
       1.0384278     2.9782608e-11     3.1116925e-14         0.0000000
       1.0386074     3.0212898e-11     3.1694836e-14         0.0000000
       1.0387869     3.0439067e-11     3.1917297e-14         0.0000000
       1.0389664     3.0478788e-11     3.1619573e-14         0.0000000
       1.0391459     3.0367285e-11     3.1204225e-14         0.0000000
       1.0393255     2.9963064e-11     3.0779501e-14         0.0000000
       1.0395050     2.9035977e-11     3.0070171e-14         0.0000000
       1.0396845     2.7747371e-11     2.8694375e-14         0.0000000
       1.0398639     2.6877251e-11     2.7646635e-14         0.0000000
       1.0400435     2.7103621e-11     2.7935596e-14         0.0000000
       1.0402230     2.8234346e-11     2.9262092e-14         0.0000000
       1.0404025     2.9447536e-11     3.0584894e-14         0.0000000
       1.0405819     3.0138655e-11     3.1193196e-14         0.0000000
       1.0407615     3.0321878e-11     3.0900887e-14         0.0000000
       1.0409410     3.0366059e-11     3.0569745e-14         0.0000000
       1.0411204     3.0547004e-11     3.0727764e-14         0.0000000
       1.0412999     3.0817110e-11     3.1034361e-14         0.0000000
       1.0414795     3.1000747e-11     3.1221040e-14         0.0000000
       1.0416589     3.1006016e-11     3.1329607e-14         0.0000000
       1.0418384     3.0844779e-11     3.1152574e-14         0.0000000
       1.0420179     3.0593475e-11     3.0920667e-14         0.0000000
       1.0421973     3.0248929e-11     3.0664206e-14         0.0000000
       1.0423769     2.9785452e-11     3.0196654e-14         0.0000000
       1.0425563     2.9398074e-11     2.9911912e-14         0.0000000
       1.0427358     2.9350742e-11     2.9811094e-14         0.0000000
       1.0429152     2.9659328e-11     3.0164609e-14         0.0000000
       1.0430948     3.0078966e-11     3.0796144e-14         0.0000000
       1.0432742     3.0326627e-11     3.1101261e-14         0.0000000
       1.0434537     3.0348273e-11     3.0915043e-14         0.0000000
       1.0436331     3.0303157e-11     3.0785371e-14         0.0000000
       1.0438125     3.0306391e-11     3.0812301e-14         0.0000000
       1.0439920     3.0366786e-11     3.1040983e-14         0.0000000
       1.0441715     3.0488741e-11     3.1273472e-14         0.0000000
       1.0443510     3.0688951e-11     3.1265122e-14         0.0000000
       1.0445304     3.0938571e-11     3.1402803e-14         0.0000000
       1.0447098     3.1142352e-11     3.1719709e-14         0.0000000
       1.0448892     3.1231252e-11     3.1937322e-14         0.0000000
       1.0450687     3.1213026e-11     3.1925590e-14         0.0000000
       1.0452482     3.1130928e-11     3.1828856e-14         0.0000000
       1.0454276     3.1007690e-11     3.1634593e-14         0.0000000
       1.0456070     3.0835028e-11     3.1486756e-14         0.0000000
       1.0457865     3.0636332e-11     3.1305058e-14         0.0000000
       1.0459659     3.0486114e-11     3.1200382e-14         0.0000000
       1.0461453     3.0479753e-11     3.1223456e-14         0.0000000
       1.0463247     3.0670326e-11     3.1361243e-14         0.0000000
       1.0465041     3.0911086e-11     3.1582918e-14         0.0000000
       1.0466835     3.0914365e-11     3.1577721e-14         0.0000000
       1.0468631     3.0560001e-11     3.1170347e-14         0.0000000
       1.0470425     3.0054987e-11     3.0851125e-14         0.0000000
       1.0472219     2.9765701e-11     3.0863544e-14         0.0000000
       1.0474013     2.9899139e-11     3.0933770e-14         0.0000000
       1.0475807     3.0296866e-11     3.1158063e-14         0.0000000
       1.0477601     3.0597619e-11     3.1399516e-14         0.0000000
       1.0479395     3.0692930e-11     3.1451678e-14         0.0000000
       1.0481189     3.0755495e-11     3.1634605e-14         0.0000000
       1.0482984     3.0854885e-11     3.2156533e-14         0.0000000
       1.0484778     3.0876521e-11     3.2310981e-14         0.0000000
       1.0486572     3.0774020e-11     3.1869963e-14         0.0000000
       1.0488366     3.0684948e-11     3.1545456e-14         0.0000000
       1.0490159     3.0708745e-11     3.1647656e-14         0.0000000
       1.0491953     3.0718199e-11     3.1700222e-14         0.0000000
       1.0493747     3.0448343e-11     3.1593316e-14         0.0000000
       1.0495541     2.9763819e-11     3.1034501e-14         0.0000000
       1.0497335     2.8971447e-11     3.0146220e-14         0.0000000
